2737091, 3613391
3186964, 5413116
3438792, 4036893
203208, 1224799
119329, 188347
634043, 323778
2199778, 768756
3779892, 4769854
5384646, 4125100
1573476, 2294350
2414078, 2377706
1728407, 2201147
5133594, 3970637
5379133, 3079195
5379895, 4140003
4830841, 3780442
1881910, 648293
5207854, 3730082
1765173, 1054095
228407, 2331598
1676600, 4980438
1689719, 2191919
1204972, 426645
271610, 3749404
3293453, 3108454
2952140, 2586114
6128749, 2086714
2444498, 1765577
4727269, 2419229
1010211, 1099603
2223204, 2903229
687198, 4821905
3566811, 1091196
1310720, 4739907
1289481, 4757368
6235840, 133549
3836116, 5058552
6058056, 3352811
2880366, 3985217
173111, 4615659
5313910, 694762
2785863, 1270686
3035660, 2018526
494088, 5174215
4535340, 1751426
2725609, 2325978
3147801, 3739251
3490721, 5466335
1379680, 4986965
2051970, 1509821
343001, 63569
5485263, 1537155
1044031, 563554
240022, 4295491
3928067, 251769
5864166, 3997170
6143304, 2234480
4005829, 297150
2699564, 4230143
1456415, 5850643
1854320, 4591150
4407703, 3027435
501319, 5759253
6062380, 3021872
2425789, 6244325
5046786, 5458144
561582, 6160545
2731712, 1437366
942030, 6039762
326760, 3389013
5545277, 5953959
1151703, 1023087
5958225, 495099
3968335, 2769508
1632323, 4013427
4419697, 5173221
2031208, 107396
2061989, 3990686
2769613, 2541266
4904484, 1756413
6215535, 1768766
361393, 945759
2075867, 5909684
4473466, 5806290
5393627, 1605369
4801305, 4600021
2924324, 4169046
3835517, 154127
5261453, 5121263
2077948, 5828796
3302596, 2311074
3441803, 2188597
2176572, 3489270
4501071, 6000229
5764734, 5019221
3808171, 1849486
969415, 3905242
4968007, 4824733
3454427, 3866963
308988, 2774630
